0 1305031102.175304 0.018823 0.000000 0.000000 0.000000 0.000000
4 1305031102.343233 0.013878 0.022186 0.022158 0.000121 0.007076
9 1305031102.511219 0.014168 0.022571 0.046011 0.000098 0.006649
14 1305031102.743234 0.012934 0.021742 0.067845 0.000190 0.006152
19 1305031102.911185 0.012834 0.023586 0.090101 0.000265 0.005643
24 1305031103.111240 0.013515 0.023195 0.108161 0.000297 0.006267
29 1305031103.311210 0.013032 0.022445 0.116729 0.000283 0.005707
39 1305031103.643445 0.013163 0.021706 0.104215 0.000419 0.005000
46 1305031103.875361 0.013869 0.022988 0.096535 0.000738 0.006349
51 1305031104.043249 0.012727 0.022287 0.106965 0.000791 0.006659
55 1305031104.175424 0.013056 0.021837 0.118329 0.000850 0.008198
61 1305031104.375837 0.013313 0.022623 0.129052 0.000670 0.006831
69 1305031104.643243 0.012377 0.021860 0.115604 0.000811 0.007160
72 1305031104.743280 0.012114 0.021535 0.115095 0.001057 0.007730
75 1305031104.843258 0.012641 0.023699 0.113188 0.000998 0.010707
84 1305031105.143106 0.012334 0.022003 0.099958 0.000807 0.007640
88 1305031105.275288 0.012415 0.022726 0.114128 0.001017 0.007119
92 1305031105.411286 0.012346 0.022411 0.118744 0.000911 0.006716
96 1305031105.543282 0.013107 0.022366 0.125475 0.001551 0.006564
100 1305031105.711309 0.012876 0.021384 0.108961 0.001041 0.005954
104 1305031105.843271 0.012867 0.021938 0.119333 0.001953 0.005446
109 1305031106.011285 0.012558 0.022365 0.099186 0.001194 0.005504
114 1305031106.175534 0.012951 0.024769 0.124607 0.001340 0.005848
122 1305031106.443278 0.013504 0.022153 0.115848 0.001057 0.005254
128 1305031106.643207 0.012898 0.023285 0.104456 0.001249 0.005549
132 1305031106.775390 0.012977 0.024104 0.109018 0.002244 0.005818
137 1305031106.943439 0.013364 0.022795 0.104834 0.002459 0.011356
141 1305031107.075432 0.012490 0.021618 0.116274 0.002059 0.005797
146 1305031107.243378 0.012968 0.021955 0.106266 0.002344 0.006242
150 1305031107.375413 0.012779 0.021550 0.112598 0.003045 0.006633
219 1305031109.675263 0.012560 0.022987 0.227970 0.002489 0.006478
224 1305031109.843296 0.012035 0.023671 0.117202 0.003037 0.006548
228 1305031109.975258 0.012555 0.022488 0.107205 0.002464 0.005507
232 1305031110.111325 0.012348 0.022404 0.116068 0.002047 0.006124
239 1305031110.343355 0.012618 0.021611 0.117575 0.002098 0.006270
243 1305031110.479331 0.012224 0.021683 0.115932 0.003807 0.006400
247 1305031110.611307 0.013339 0.022017 0.120750 0.003356 0.006810
269 1305031111.343397 0.013209 0.021857 0.223199 0.001984 0.005825
277 1305031111.611271 0.012981 0.021881 0.116576 0.003050 0.006323
284 1305031111.843299 0.011713 0.021472 0.118085 0.004069 0.005715
289 1305031112.011433 0.013246 0.023054 0.120093 0.003585 0.006238
292 1305031112.111423 0.012131 0.023975 0.128064 0.002501 0.006887
299 1305031112.343323 0.012591 0.021217 0.118952 0.001841 0.006190
306 1305031112.579252 0.012450 0.023488 0.110812 0.000000 0.006593
311 1305031112.743245 0.011629 0.021668 0.116258 0.004481 0.005841
318 1305031112.979278 0.012006 0.023671 0.107070 0.002522 0.006766
331 1305031113.411625 0.012193 0.021747 0.235897 0.003577 0.006704
335 1305031113.543242 0.011955 0.024031 0.119215 0.000000 0.006079
338 1305031113.643222 0.012815 0.024016 0.120101 0.000000 0.005642
343 1305031113.811237 0.013110 0.021307 0.117039 0.003591 0.006323
348 1305031113.979293 0.013534 0.022369 0.121831 0.004104 0.017493
353 1305031114.143284 0.012556 0.021972 0.119056 0.002083 0.006970
360 1305031114.379320 0.013036 0.021636 0.114484 0.003457 0.006827
365 1305031114.543236 0.013631 0.021419 0.114481 0.003413 0.007612
382 1305031115.111230 0.012977 0.021956 0.231604 0.005767 0.007059
387 1305031115.279966 0.013739 0.023041 0.104472 0.006221 0.006989
392 1305031115.443159 0.012248 0.021922 0.109460 0.002609 0.006500
396 1305031115.579315 0.012189 0.021987 0.115856 0.003779 0.005846
400 1305031115.711320 0.011970 0.021735 0.119981 0.005272 0.005749
441 1305031117.079520 0.011720 0.023372 0.242797 0.004159 0.005682
444 1305031117.179264 0.011904 0.023197 0.115039 0.004180 0.005254
451 1305031117.411221 0.012638 0.021924 0.104485 0.006288 0.005719
460 1305031117.711184 0.013189 0.021721 0.109140 0.003468 0.006348
468 1305031117.979228 0.013598 0.023395 0.119208 0.003122 0.006274
478 1305031118.311299 0.012589 0.023335 0.121940 0.003635 0.006324
495 1305031118.879208 0.012579 0.022293 0.246572 0.005135 0.006184
500 1305031119.047172 0.013487 0.022407 0.118477 0.006486 0.005951
505 1305031119.211364 0.013788 0.024278 0.116720 0.005315 0.005820
514 1305031119.511240 0.013046 0.041781 0.138658 0.006373 0.006315
520 1305031119.715232 0.012259 0.021601 0.114161 0.005032 0.006277
527 1305031119.947392 0.012859 0.022095 0.112013 0.004507 0.006390
543 1305031120.479432 0.013056 0.023116 0.213092 0.006649 0.006220
548 1305031120.647354 0.013574 0.023752 0.123796 0.008533 0.006194
555 1305031120.883435 0.013613 0.025045 0.117204 0.006210 0.006536
564 1305031121.183271 0.013061 0.021466 0.124701 0.006075 0.006744
572 1305031121.447319 0.013677 0.024040 0.125914 0.007176 0.006926
580 1305031121.714520 0.013040 0.021957 0.109926 0.003181 0.006679
596 1305031122.251319 0.013011 0.023997 0.250756 0.007693 0.469266
601 1305031122.414997 0.012979 0.022424 0.119925 0.004625 0.006367
607 1305031122.614980 0.013688 0.023741 0.125406 0.004370 0.006471
613 1305031122.812555 0.013584 0.023121 0.117897 0.006001 0.006421
621 1305031123.082975 0.013858 0.022629 0.123716 0.004353 0.005959
629 1305031123.350481 0.011770 0.022358 0.120284 0.003664 0.006211
634 1305031123.511360 0.012326 0.025214 0.120856 0.000000 0.006200
642 1305031123.783858 0.011863 0.023570 0.134708 0.009645 0.006398
654 1305031124.182694 0.012510 0.023376 0.241100 0.004607 0.006324
660 1305031124.382420 0.012428 0.021924 0.102447 0.007962 0.006373
665 1305031124.550437 0.012192 0.021667 0.108702 0.005101 0.006035
670 1305031124.711251 0.012980 0.024212 0.119302 0.003546 0.006702
676 1305031124.911448 0.013024 0.021707 0.145542 0.006538 0.006183
683 1305031125.151013 0.012854 0.022197 0.119582 0.008573 0.006373
691 1305031125.411335 0.013227 0.022847 0.120427 0.005304 0.006306
710 1305031126.047324 0.012541 0.023494 0.279807 0.007733 0.006534
717 1305031126.279363 0.012540 0.022072 0.124669 0.004973 0.006530
724 1305031126.511410 0.012524 0.021345 0.155138 0.008525 0.006207
730 1305031126.711583 0.012758 0.023810 0.141883 0.003801 0.006158
789 1305031128.679282 0.014296 0.022316 0.236351 0.005083 0.584796
